time	distance	speed
20468.300000000105	149597147805.5628	25000.294769167373	
38940.69999999994	149594161715.21918	25000.69215138844	
57742.90000000004	149590471017.7711	25001.245496705294	
76001.80000000022	149586352447.06616	25001.918718450648	
94153.40000000015	149581690095.18585	25002.724527958188	
112335.49999999991	149576437313.5681	25003.669428037352	
130524.19999999997	149570601787.18936	25004.752395166815	
148765.89999999988	149564160733.5007	25005.97730254182	
166894.69999999984	149557193444.9757	25007.33085137699	
186719.30000000002	149548715051.8263	25008.984306145165	
205946.40000000017	149539901839.49127	25010.7385496068	
223949.60000000006	149531192549.29016	25012.509758612538	
242634.30000000016	149521476747.25	25014.497080434496	
260839.3000000002	149511473189.46597	25016.568917174198	
279034.9999999999	149500894803.42105	25018.777573420248	
297221.79999999993	149489742173.96085	25021.122913730902	
315996.30000000005	149477554942.4809	25023.6941025222	
335160.80000000005	149464432379.41592	25026.473928142237	
354857.2999999998	149450211865.0733	25029.495656670228	
374774.4000000001	149435113870.54144	25032.717885917264	
394697.10000000003	149419314705.94583	25036.106570157415	
414642.8999999999	149402796903.34744	25039.665249812897	
433599.39999999973	149386562964.58197	25043.19192767908	
457529.8999999998	149364461185.30554	25047.917230499515	
476490.09999999974	149346797040.5547	25051.783982559155	
495447.0999999996	149328505679.5616	25055.80008323875	
514558.2	149309409886.63522	25060.00218056028	
532645.7999999999	149290856746.38626	25064.1105249749	
551851.3999999998	149270400669.77243	25068.633082452783	
570909.1000000001	149249479219.7096	25073.271750681444	
589043.8000000002	149229079094.82712	25077.818366326577	
607241.8	149208020906.49606	25082.519616401358	
625996.6	149185648220.43552	25087.51479486932	
643997.5000000001	149163675405.97113	25092.440772752445	
662158.1999999998	149140914169.1673	25097.549284695517	
680341.7	149117542202.4154	25102.802677590425	
698555.1	149093547088.1876	25108.203705388074	
716705.5000000001	149069062883.568	25113.723636814964	
735897.2999999999	149042425917.14038	25119.72030656621	
754861.0	149015496730.93146	25125.79509429292	
772891.7000000002	148989407937.05814	25131.70235593754	
791093.3999999998	148962474717.71506	25137.805398721903	
809310.7999999999	148934934692.5385	25144.05292525574	
828179.4000000001	148905723025.94064	25150.676647419805	
846223.0999999999	148877293427.44476	25157.143056087287	
864264.7999999998	148848296283.22296	25163.745328507375	
882295.7999999999	148818747139.11646	25170.48010091191	
900494.3999999998	148788326919.9788	25177.41742481468	
920651.7	148753718000.42023	25185.283553565103	
939936.2999999997	148720041431.77927	25192.96050791067	
957940.6	148688150307.25024	25200.257345620328	
976131.7999999999	148655330461.6905	25207.770067430258	
994129.7000000001	148622309255.1422	25215.338199412112	
1012263.1000000001	148588450337.37732	25223.10238635584	
1030447.5999999999	148553911509.51132	25231.02791664247	
1048636.0	148518784966.35324	25239.09447148365	
1066787.0	148483156612.9243	25247.283024881304	
1085980.8	148444732675.90732	25256.103114760735	
1105901.7999999996	148404082816.18005	25265.428916954406	
1124088.5999999996	148366554328.0783	25274.07316482388	
1142268.5999999996	148328461279.08847	25282.853597502253	
1160407.7999999998	148289880941.01904	25291.75299201559	
1178597.1999999997	148250609373.96585	25300.81699323632	
1196774.1999999997	148210786824.44284	25310.014327487235	
1214919.9999999998	148170458663.43457	25319.334866762867	
1232982.2999999998	148129752324.21353	25328.750012500364	
1251973.8999999994	148086228562.2398	25338.807309738142	
1271930.4999999995	148039695975.72073	25349.549842751552	
1289937.8999999997	147997322102.94962	25359.370118326042	
1308165.2	147953828164.8967	25369.4522216285	
1326336.5999999999	147909894653.21146	25379.64303647398	
1344398.9999999998	147865663631.51086	25389.910462843498	
1362519.2999999993	147820710504.5685	25400.3503841448	
1380709.9999999993	147774996778.98193	25410.971668032875	
1398814.3999999997	147728934298.1799	25421.681263806822	
1416996.4000000001	147682088414.8016	25432.577605942686	
1437106.7	147629364487.332	25444.81290683759	
1455752.9999999993	147580012593.0976	25456.29728429876	
1473846.7	147531602605.83505	25467.57763961063	
1492028.7999999998	147482369336.7861	25479.054303322177	
1510107.8	147432853210.47052	25490.604538230826	
1528189.9000000001	147382756404.82394	25502.29609126409	
1546399.4999999998	147331714286.42737	25514.212140623822	
1565087.4000000004	147278673940.95404	25526.59281202726	
1583369.0000000002	147226241315.08362	25538.84475133086	
1602415.9000000004	147170903038.75378	25551.768844842187	
1621248.9000000001	147115587352.5668	25564.698160374366	
1640226.0999999994	147059204283.55658	25577.881269242578	
1658713.8	147003725853.40103	25590.867857151974	
1677021.4000000001	146948219596.19897	25603.870420700467	
1695994.1	146890001466.8088	25617.503305573246	
1714014.4	146834229088.38498	25630.585878625043	
1732173.8	146777436942.71484	25643.911600462834	
1750395.3	146719864824.02502	25657.425694357164	
1769904.2	146657427705.26373	25672.065543849443	
1787914.8000000003	146599362405.22946	25685.712307263984	
1807010.4000000004	146537052876.22867	25700.344169877342	
1825770.0999999999	146475258667.0602	25714.868154736003	
1843857.5000000005	146415172773.60214	25729.008802423235	
1862045.6	146354165558.61075	25743.371216498643	
1880345.2	146292189429.85278	25757.966628157137	
1898366.9000000001	146230614805.73053	25772.478954532624	
1916373.9	146168526507.1176	25787.119300095026	
1935480.4999999998	146101898286.17886	25802.817681430377	
1955657.9000000004	146030710949.22064	25819.57837147814	
43753.85640618826	149586967198.09344	25001.34692074812	
82738.46518658535	149573628958.6901	25003.12595048174	
120962.9672088414	149558134456.0907	25005.470118122532	
159529.5172722594	149539824920.92813	25008.45837758512	
198014.14471841027	149518971213.47037	25012.056298320593	
236402.7031159617	149495601795.54434	25016.25825194497	
274762.54636931873	149469672522.32376	25021.070151560118	
313215.5027005483	149441066379.6023	25026.51141443578	
354747.3136837767	149406493705.48465	25033.144848256965	
395523.66300572106	149369786076.97177	25040.342883344183	
433720.71672837564	149333337339.35504	25047.6666508154	
472046.1440368531	149294161278.34912	25055.63028523495	
510496.77781965415	149252235787.47067	25064.23951928465	
549686.6154247469	149206659098.8353	25073.665188760428	
589239.1928660823	149157839099.46445	25083.837175756522	
627652.0324517434	149108055861.29877	25094.321542317954	
666030.4560925249	149055735833.8966	25105.413554207506	
707792.6216516219	148995018341.70786	25118.255986270557	
747839.057344985	148934326927.3738	25131.22422631542	
786414.8976021134	148873538269.26602	25144.325023864065	
826173.7595719802	148807866883.913	25158.505852900584	
864251.5187617613	148742751007.88345	25172.678639289865	
902375.7289200942	148674992032.57352	25187.48130590245	
941074.2419623566	148603466300.6554	25203.14459914272	
979362.0862144552	148530203553.55374	25219.255500166833	
1017778.3040523767	148454075911.7131	25236.04495050211	
1060159.32319706	148366070715.03806	25255.375216441367	
1098631.4933380089	148284354400.8858	25273.50500166818	
1136420.2008189282	148201713135.7832	25291.909844133355	
1175169.598785831	148114140004.4664	25311.429901750926	
1213553.3009457642	148024876661.267	25331.386764080118	
1252073.1888998654	147932662051.88757	25352.046200843884	
1290372.0124718046	147838443128.7679	25373.208277619386	
1328933.9174383655	147740911655.2812	25395.151680520285	
1366842.7640152255	147642635840.02286	25417.328591427795	
1407952.08232539	147532409465.6799	25442.13760086303	
1455580.1606496647	147399100367.2386	25471.941489654084	
1493456.2804077715	147292495336.53662	25496.147911706004	
1531842.9385384317	147181763321.83807	25521.317643577633	
1570312.786130952	147068176191.55115	25547.17765653055	
1613297.879007591	146936994044.64508	25576.924217169064	
1650423.6044828005	146822418663.5827	25603.144224255557	
1688452.3790148362	146702337699.59152	25630.635096009242	
1734777.085389667	146550265753.99258	25665.163590414188	
1773830.1037782934	146420891909.39468	25694.84638582624	
1822942.5433315502	146251341538.83368	25733.367168288452	
1877777.9788101574	146055088377.47824	25777.775947163722	
1939677.9905601528	145824494436.66833	25829.70518896014	
2005573.3959415376	145569984571.41202	25886.962007609956	
2075802.443217078	145288442732.11505	25950.238010739173	
2156894.2883856003	144947055853.2549	26026.461805022467	
2233649.581657895	144615378518.9113	26101.11479695579	
2307986.735467088	144285430041.9077	26175.81511793534	
2381588.3956916938	143949541157.64465	26252.175084069648	
2455676.707504771	143601611922.7363	26331.508802998826	
2530066.1630799808	143242451580.26218	26413.660803851628	
2604305.2510778964	142874433250.03268	26498.133475705814	
2678087.5158382785	142499349367.20312	26584.54688361161	
2752271.033209807	142112444976.7021	26673.949592951867	
2826680.919162365	141714603003.81192	26766.168347942843	
2904619.948498295	141285733476.2783	26865.648037008952	
2982497.6867021783	140846667531.5192	26967.85901430722	
3057931.1345599517	140412557135.34805	27069.453877162727	
3140574.2437042026	139921626565.1247	27184.155377432155	
3229033.0592474253	139379554555.24908	27310.793556072567	
3325124.2349903984	138770369671.94315	27452.99850038273	
3414608.4574891957	138192758431.21283	27589.073269540368	
3507642.589485758	137575317517.14316	27734.844635391837	
3613041.514461127	136848750554.10947	27905.86109389296	
3715685.3442653776	136124827410.37039	28077.511473105464	
3815679.742304556	135404150479.76666	28249.61958048062	
3916070.7552592126	134663212407.08975	28427.492188472028	
4017994.7207175447	133892361865.40515	28613.41350991333	
4117531.2740003183	133124415753.3625	28799.97352226229	
4217853.886051613	132333031145.51434	28993.249069197533	
4318099.82289671	131525580101.64877	29191.63165377308	
4420399.993323564	130682866821.37004	29399.6953665642	
4524834.753280503	129803149016.13835	29618.02143756132	
4603436.13545011	129145206938.18494	29784.821062571566	
4654037.739722974	128727616292.00163	29892.959254083627	
4691500.794887345	128419776855.6674	29973.548108427967	
4713802.495018596	128238192537.92778	30021.631387710568	
4730422.783768597	128103126364.99777	30057.56784431965	
4744169.923162936	127991405663.52156	30087.373687511463	
4753582.945297201	127915069915.83134	30107.81007724622	
4759050.192402292	127870845183.59065	30119.685356948932	
4762970.357205579	127839155854.59099	30128.205469685385	
4766373.422948982	127811641790.66382	30135.60700316241	
4770022.472462032	127782111944.38606	30143.55104012438	
4773395.2515168935	127754807268.46695	30150.89921373323	
4776637.8840588005	127728543240.15083	30157.969214321587	
4779919.1586341895	127701948839.91357	30165.12924260145	
4783202.451823268	127675321565.21822	30172.299400794862	
4786656.317869097	127647288398.9822	30179.848682332253	
4790092.8815118745	127619378084.71014	30187.366387825234	
4793338.41581096	127593007743.65846	30194.471495821163	
4796589.897811095	127566572818.68144	30201.59525019647	
4799867.802022557	127539906067.40068	30208.782645196326	
4803141.506796611	127513257260.91179	30215.96652110933	
4806423.249978749	127486526431.66945	30223.17377446405	
4809772.869046192	127459223979.01224	30230.53617170418	
4813194.148899606	127431317810.09	30238.062423447518	
4816852.381558146	127401452135.95709	30246.11747796648	
4820648.815028654	127370432409.01965	30254.4847644919	
4827193.2256738	127316761166.38603	30268.940221704666	
4843277.296986054	127183322603.57149	30304.680620177645	
4871768.631970329	126943088568.34358	30368.599805163238	
4917422.299477797	126549137842.85385	30472.531267323582	
4987446.246196657	125924667637.6667	30635.454107332727	
5082810.78997806	125042177388.11108	30863.569647220676	
5241374.812994255	123460446642.28871	31262.02641231658	
5415782.621879358	121653181154.29948	31719.726108551902	
5589250.295844808	119812540823.18864	32193.245014580374	
5762788.030217156	117928196098.79613	32685.693537200434	
5950321.876803754	115821319633.58292	33241.709029623125	
6133781.129843588	113723257060.81247	33807.0073939853	
6315417.72359392	111609318745.67653	34388.09496312865	
6498397.435276273	109440347323.9214	34995.79299382248	
6690482.400783735	107109047111.18997	35659.746151146435	
6889492.064132357	104644983857.49243	36375.353262620025	
7079822.732640283	102281979829.33682	37081.76225291159	
7261058.200601045	100035514021.81493	37772.98146477401	
7443178.3570200065	97767153487.39386	38487.345108265414	
7626307.8625436	95482831746.46205	39224.14691336034	
7807626.772711209	93233856303.7229	39968.677462869164	
7992302.472381078	90953104841.06793	40741.54708928659	
8174501.04436795	88740251512.78044	41511.995431721494	
8365045.84769588	86446749193.99968	42327.047490718716	
8557941.107404834	84181637373.9646	43151.9072236903	
8740045.178579127	82154648226.77194	43913.28867545793	
8930805.122054847	80098839763.6352	44697.61633449882	
9110757.791751184	78308301520.40262	45398.30780488037	
9293323.308382643	76610309479.6569	46069.8481563156	
9476006.448365934	75058377622.9463	46686.828512927874	
9658613.183436941	73672606350.39137	47234.56656798674	
9841434.053327933	72465846564.50941	47700.32939294044	
10029673.640025517	71402597468.27176	48087.61626407723	
10251058.884072535	70247766153.66809	48459.819359419074	
10432340.59711178	69723070607.86041	48568.44406586487	
10618998.8031903	69376378086.3384	48561.96557064828	
10801261.716155954	69270366522.11237	48422.07112305267	
10989736.5495572	69337608331.53923	48162.46766929247	
11172102.005957767	69620774007.1269	47786.01042910776	
11355136.005340975	70069104371.42567	47308.12349694565	
11545164.070183078	70654140432.37682	46731.42288976412	
11747483.272627668	71357592181.55957	46052.861333141176	
11928035.11768889	72190963620.15039	45356.058136265	
12111116.36747839	73098560358.66165	44614.96490446315	
12293929.194747029	74058323357.05464	43850.64284001082	
12476788.26709419	75048838253.3153	43075.617279119106	
12665903.494299851	76056192685.2987	42282.91851326681	
12855107.190351333	77054986363.83961	41501.875239757	
13038869.047056992	78021649716.2828	40758.519852680285	
13240546.850369379	78955381655.52818	39995.113526046836	
13432587.581453914	79822098524.18369	39297.10111753773	
13623772.77858626	80613798526.65276	38645.84463143774	
13804611.142068619	81321402278.80554	38066.87161170016	
13987458.150482243	81940955983.93217	37532.94776708943	
14170259.919145169	82463220528.38174	37052.5031942308	
14354111.250024434	82878977863.00856	36627.07178485657	
14540233.616389044	83176686112.54936	36259.22225933357	
14746910.914818155	83282714331.39001	35943.62129422016	
14930658.6969347	83323959651.99377	35714.663001072	
15112417.940675834	83242957935.44453	35554.0203714383	
15295288.071628708	83023850010.06488	35463.4025702043	
15477120.704298764	82672305817.97069	35444.90570691255	
15665731.256952137	82134313400.07536	35510.2137978348	
15848861.7678035	81482310619.9169	35649.56495931624	
16029898.180861156	80697439194.519	35866.54895232927	
16212476.76675394	79748267514.614	36171.4322244339	
16397640.050403623	78616828020.48723	36573.63238212353	
16601808.05066033	77098888131.96507	37146.541668968646	
16784604.792684283	75651367602.26222	37745.30727696733	
16967502.067487594	74038278495.22626	38448.94879902667	
17155884.410731852	72179212854.6718	39294.94591552999	
17336450.33038217	70265045308.94847	40214.74433261936	
17519187.75806631	68152583354.60498	41272.00987146041	
17701986.510745857	65874336943.994156	42462.775784641366	
17888740.22296476	63359056659.85286	43831.83413715686	
18069669.065948512	60799901676.41478	45300.17362901069	
18269631.7800453	57681117966.12839	47144.90475144449	
18460095.151821956	54628774212.624275	49072.44460961153	
18641518.61608009	51679315421.9965	51058.83344742352	
18825984.20224114	48582980752.11838	53254.84464930866	
19007605.716074575	45531343501.31087	55546.77146041066	
19194962.624969535	42354626380.215836	58041.837338911326	
19376248.359319966	39446275427.3023	60415.0900946827	
19567130.95278647	36436899568.041115	62869.41150133494	
19765918.438692737	33441653278.921318	65154.69593212723	
19957171.998115033	30931868960.4357	66513.71672407641	
20149011.66364091	28472205102.91268	67076.59032850998	
20331847.6134488	26016062480.224453	66775.11880859712	
20525859.79233627	22154643005.539448	67809.56896739425	
20710300.245302495	16898240233.601616	71872.32058750861	
20896627.698536966	12878919209.764942	91722.12217226604	
21078072.27467876	12878919209.764942	0.0	
21269941.094710626	12878919209.764942	0.0	
21461596.785250295	12878919209.764942	0.0	
21653892.86959438	12878919209.764942	0.0	
21836468.439503785	12878919209.764942	0.0	
22020848.572802395	12878919209.764942	0.0	
22211231.518355582	12878919209.764942	0.0	
22391838.65644543	12878919209.764942	0.0	
22582765.48433486	12878919209.764942	0.0	
22788637.515201434	12878919209.764942	0.0	
22973184.53291376	12878919209.764942	0.0	
23174210.883815996	12878919209.764942	0.0	
23364395.77979387	12878919209.764942	0.0	
23547360.411559325	12878919209.764942	0.0	
23727764.473434918	12878919209.764942	0.0	
23910675.822827324	12878919209.764942	0.0	
24092042.98872903	12878919209.764942	0.0	
24294112.869880848	12878919209.764942	0.0	
24486042.00958033	12878919209.764942	0.0	
24667286.52549121	12878919209.764942	0.0	
24849981.72940804	12878919209.764942	0.0	
25032985.568957433	12878919209.764942	0.0	
25215209.274139132	12878919209.764942	0.0	
25396218.54334637	12878919209.764942	0.0	
25578105.46371728	12878919209.764942	0.0	
25760764.475833535	12878919209.764942	0.0	
25945981.041856267	12878919209.764942	0.0	
26142723.691030692	12878919209.764942	0.0	
26333423.314838815	12878919209.764942	0.0	
26521905.185534626	12878919209.764942	0.0	
26705571.5360999	12878919209.764942	0.0	
26886597.89587961	12878919209.764942	0.0	
27069517.28789437	12878919209.764942	0.0	
27252374.349585917	12878919209.764942	0.0	
27435127.862514764	12878919209.764942	0.0	
27617687.347179465	12878919209.764942	0.0	
27814769.79714808	12878919209.764942	0.0	
28009916.99111433	12878919209.764942	0.0	
28192036.142205503	12878919209.764942	0.0	
28372346.708596304	12878919209.764942	0.0	
28564851.901121423	12878919209.764942	0.0	
28747842.671409506	12878919209.764942	0.0	
28937581.20184711	12878919209.764942	0.0	
29118896.09070355	12878919209.764942	0.0	
29302172.374084968	12878919209.764942	0.0	
29495452.674338825	12878919209.764942	0.0	
29679581.47568907	12878919209.764942	0.0	
29865255.46585782	12878919209.764942	0.0	
30048195.969756234	12878919209.764942	0.0	
30230972.605224315	12878919209.764942	0.0	
30412724.811670903	12878919209.764942	0.0	
